 Op_Code Fun_Code Banderas CLR LF     Microinstruccion Nivel
   00000     0000     0000   1  0 00000100010000110010  alto
   00000     0000     0000   1  0 00000100010000110010  bajo
   00000     0000     0000   1  0 00000100010000110010  alto
   00000     0000     0000   1  0 00000100010000110010  bajo
   00000     0000     0001   0  1 00000100010000110010  alto
   00000     0000     0001   0  1 00000100010000110010  bajo
   00000     0000     0010   0  1 00000100010000110010  alto
   00000     0000     0010   0  1 00000100010000110010  bajo
   00000     0001     0000   0  1 00000100010001110010  alto
   00000     0001     0000   0  1 00000100010001110010  bajo
   00000     0010     0100   0  1 00000100010000000010  alto
   00000     0010     0100   0  1 00000100010000000010  bajo
   00000     0011     1100   0  1 00000100010000010010  alto
   00000     0011     1100   0  1 00000100010000010010  bajo
   00000     0101     1000   0  1 00000100010011010010  alto
   00000     0101     1000   0  1 00000100010011010010  bajo
   00000     0110     0001   0  1 00000100010011000010  alto
   00000     0110     0001   0  1 00000100010011000010  bajo
   00000     0111     0100   0  1 00000100010010100010  alto
   00000     0111     0100   0  1 00000100010010100010  bajo
   00000     1000     0010   0  1 00000100010011010010  alto
   00000     1000     0010   0  1 00000100010011010010  bajo
   00000     1001     0000   0  0 00000001110000000000  alto
   00000     1001     0000   0  0 00000001110000000000  bajo
   00000     1010     0000   0  0 00000001010000000000  alto
   00000     1010     0000   0  0 00000001010000000000  bajo
   00000     1011     0000   0  0 00000000000000000000  alto
   00000     1011     0000   0  0 00000000000000000000  bajo
   00001     0111     0000   0  0 00000000010000000000  alto
   00001     0111     0000   0  0 00000000010000000000  bajo
   00010     0100     0000   0  0 00000100010000001000  alto
   00010     0100     0000   0  0 00000100010000001000  bajo
   00011     1000     0000   0  0 00001000000000001100  alto
   00011     1000     0000   0  0 00001000000000001100  bajo
   00100     0110     0000   0  0 00001010000100110100  alto
   00100     0110     0000   0  0 00001010000100110100  bajo
   00101     0000     0010   0  1 00000100010100110010  alto
   00101     0000     0010   0  1 00000100010100110010  bajo
   00110     0110     0001   0  1 00000100010101110010  alto
   00110     0110     0001   0  1 00000100010101110010  bajo
   00111     0100     0011   0  1 00000100010100000010  alto
   00111     0100     0011   0  1 00000100010100000010  bajo
   01000     1010     0100   0  1 00000100010100010010  alto
   01000     1010     0100   0  1 00000100010100010010  bajo
   01001     0100     1000   0  1 00000100010100100010  alto
   01001     0100     1000   0  1 00000100010100100010  bajo
   01010     0001     1100   0  1 00000100010111010010  alto
   01010     0001     1100   0  1 00000100010111010010  bajo
   01011     0011     0101   0  1 00000100010111000010  alto
   01011     0011     0101   0  1 00000100010111000010  bajo
   01100     1111     1010   0  1 00000100010110100010  alto
   01100     1111     1010   0  1 00000100010110100010  bajo
   10111     0000     0000   0  1 00000110010100110000  alto
   10111     0000     0000   0  1 00000110010100110000  bajo
   01101     1111     0000   0  1 00001000000001110001  alto
   01101     1111     0000   0  1 00001000000001110001  bajo
   01101     1011     0010   0  1 00001000000001110001  alto
   01101     1011     0010   0  1 00001000000001110001  bajo
   01101     1101     0010   0  1 10010000001100110010  alto
   01101     1101     0010   0  1 00001000000001110001  bajo
   01110     1110     0010   0  1 00001000000001110001  alto
   01110     1110     0010   0  1 00001000000001110001  bajo
   01110     1100     0000   0  1 00001000000001110001  alto
   01110     1100     0000   0  1 00001000000001110001  bajo
   01110     0011     0000   0  1 10010000001100110010  alto
   01110     0011     0000   0  1 00001000000001110001  bajo
   01111     0010     0100   0  1 10010000001100110010  alto
   01111     0010     0100   0  1 00001000000001110001  bajo
   01111     0001     1100   0  1 10010000001100110010  alto
   01111     0001     1100   0  1 00001000000001110001  bajo
   01111     0000     1000   0  1 10010000001100110010  alto
   01111     0000     1000   0  1 00001000000001110001  bajo
   01111     0010     0100   0  1 10010000001100110010  alto
   01111     0010     0100   0  1 00001000000001110001  bajo
   10000     0100     0000   0  1 10010000001100110010  alto
   10000     0100     0000   0  1 00001000000001110001  bajo
   10000     0110     1110   0  1 10010000001100110010  alto
   10000     0110     1110   0  1 00001000000001110001  bajo
   10000     0101     1000   0  1 10010000001100110010  alto
   10000     0101     1000   0  1 00001000000001110001  bajo
   10001     0111     1010   0  1 00001000000001110001  alto
   10001     0111     1010   0  1 00001000000001110001  bajo
   10001     1010     1100   0  1 00001000000001110001  alto
   10001     1010     1100   0  1 00001000000001110001  bajo
   10001     1000     0000   0  1 00001000000001110001  alto
   10001     1000     0000   0  1 00001000000001110001  bajo
   10001     1000     0000   0  1 00001000000001110001  alto
   10001     1000     0000   0  1 00001000000001110001  bajo
   10010     1111     1000   0  1 00001000000001110001  alto
   10010     1111     1000   0  1 00001000000001110001  bajo
   10010     1001     1010   0  1 00001000000001110001  alto
   10010     1001     1010   0  1 00001000000001110001  bajo
   10010     1101     1100   0  1 00001000000001110001  alto
   10010     1101     1100   0  1 00001000000001110001  bajo
   10011     1001     1100   0  0 00010000000000000000  alto
   10011     1001     1100   0  0 00010000000000000000  bajo
   10100     1111     0000   0  0 01010000000000000000  alto
   10100     1111     0000   0  0 01010000000000000000  bajo
   10101     0000     0000   0  0 00100000000000000000  alto
   10101     0000     0000   0  0 00100000000000000000  bajo
   10110     0000     0000   0  0 00000000000000000000  alto
   10110     0000     0000   0  0 00000000000000000000  bajo
   11000     0000     0000   0  0 00000000000000000000  alto
   11000     0000     0000   0  0 00000000000000000000  bajo
